0.989864
0.961306
0.012381
0.041902
0.001508
0.012142
0.378042
0.002872
0.000275
0.000316
0.001091
0.240159
0.989864
0.014378
0.158318
0.127510
0.998022
0.088530
0.000015
0.002550
0.002977
0.001946
0.001946
0.004751
0.000015
0.000242
0.241907
0.002827
0.000242
0.031047
0.992210
0.000747
0.012957
0.392364
0.069084
0.000734
0.989864
0.126047
0.007651
0.026768
0.000308
0.000023
0.001959
0.753891
0.000153
0.086447
0.002215
0.125491
0.033897
0.011616
0.009204
0.002827
0.069084
0.158940
0.000019
0.041902
0.017388
0.058623
0.010716
0.036582
0.015800
0.000308
0.998734
0.034286
0.000066
0.017812
0.255577
0.957727
0.091038
0.049164
0.065228
0.248433
0.000057
0.000017
0.000382
0.000014
0.000426
0.000135
0.000046
0.000184
0.043568
0.075501
0.000002
0.020493
0.000018
0.000060
0.004252
0.009000
0.000330
0.000110
0.000049
0.011651
0.020493
0.006546
0.016628
0.002679
0.209654
0.002501
0.000077
0.000003
0.000000
0.000328
0.003703
0.000736
0.003692
0.000419
0.000005
0.000013
0.000682
0.107120
0.000981
0.000638
0.899108
0.001422
0.000049
0.000061
0.000781
0.019441
0.002160
0.001475
0.000252
0.000654
0.026633
0.048213
0.002451
0.001361
0.000682
0.001665
0.003981
0.001361
0.002811
0.000331
0.992210
0.034286
0.012381
0.095373
0.000062
0.004200
0.989864
0.000151
0.174297
0.007651
0.010566
0.370313
0.002827
0.051211
0.000151
0.366263
0.000072
0.017045
0.985895
0.010343
0.542840
0.012957
0.112651
0.002001
0.998022
0.494872
0.012850
0.001061
0.003357
0.174297
0.998734
0.355187
0.000663
0.015517
0.017742
0.001170
0.998022
0.044391
0.027174
0.000128
0.030155
0.006758
0.998734
0.237100
0.002337
0.366263
0.113100
0.003319
0.992210
0.000786
0.000107
0.033666
0.035963
0.000977
0.000007
0.000015
0.000000
0.000001
0.000000
0.000751
0.000001
0.000171
0.000038
0.000261
0.000000
0.000000
0.000101
0.005190
0.005190
0.000001
0.000000
0.000746
0.000000
0.000001
0.000002
0.000001
0.001536
0.000006
0.000315
0.019837
0.047416
0.190240
0.058581
0.000022
0.000008
0.036582
0.368339
0.012850
0.470247
0.051211
0.000008
0.001496
0.017738
0.241907
0.025349
0.629390
0.001297
0.113100
0.000027
0.001034
0.006758
0.008188
0.000021
0.214387
0.366263
0.001284
0.589835
0.000506
0.983182
0.000778
0.079991
0.703679
0.000029
0.000087
0.020319
0.003230
0.000045
0.392364
0.010566
0.158318
0.000031
0.095983
0.003777
0.011943
0.017868
0.010975
0.001879
0.051305
0.003648
0.000063
0.010975
0.000986
0.999969
0.021788
0.007940
0.000297
0.061872
0.015602
0.204576
0.098363
0.026777
0.999553
0.000110
0.052351
0.330240
0.000015
0.962798
0.102362
0.062180
0.613019
0.058623
0.542840
0.000107
0.000021
0.000845
0.001946
0.000017
0.041869
0.000344
0.589640
0.001058
0.000418
0.103321
0.160615
0.165536
0.000721
0.227777
0.000344
0.989864
0.001988
0.202035
0.004265
0.370964
0.000066
0.715714
0.017742
0.000324
0.069084
0.000454
0.000016
0.985895
0.005882
0.013391
0.088530
0.036582
0.006589
0.000454
0.494872
0.589835
0.000467
0.000482
0.000021
0.000002
0.026470
0.000008
0.000013
0.000076
0.000000
0.000012
0.000002
0.000002
0.000066
0.003125
0.000000
0.000000
0.003096
0.000273
0.000002
0.000008
0.000184
0.000668
0.000041
0.009706
0.000003
0.000000
0.000002
0.000002
0.000000
0.000000
0.000000
0.000003
0.000000
0.000008
0.000033
0.000001
0.000012
0.002951
0.000000
0.000078
0.000000
0.000011
0.000000
0.000011
0.000000
0.000000
0.000000
0.000043
0.000013
0.000000
0.000035
0.479363
0.223730
0.000702
0.002027
0.020626
0.015929
0.191372
0.472177
0.001107
0.704250
0.586725
0.000439
0.000534
0.006758
0.000539
0.000128
0.000786
0.000845
0.025349
0.241907
0.355187
0.418391
0.025228
0.112651
0.026768
0.027653
0.011616
0.041902
0.000484
0.006758
0.004265
0.542840
0.000072
0.174297
0.007651
0.011616
0.077927
0.000128
0.000438
0.000506
0.589835
0.088530
