0	116	1
0	86	0
0	87	0
0	79	0
0	81	0
0	191	0
0	116	1
0	137	0
0	27	0
0	238	0
0	66	0
0	187	0
1	225	1
1	183	0
1	171	0
1	45	0
1	198	0
1	7	0
1	28	1
1	143	0
1	50	0
1	132	0
1	132	0
1	155	0
1	188	1
1	31	0
1	98	0
1	67	0
1	31	0
1	80	0
1	193	1
1	54	0
1	91	0
1	175	0
1	162	0
1	156	0
2	38	1
2	6	0
2	114	0
2	68	0
2	27	0
2	75	0
3	229	1
3	67	0
3	55	0
3	50	0
3	181	0
3	242	0
3	210	1
3	49	0
3	67	0
3	162	0
3	190	0
3	87	0
3	232	1
3	225	0
3	48	0
3	219	0
3	197	0
3	27	0
3	236	1
3	43	0
3	15	0
3	224	0
3	68	0
3	88	0
3	33	1
3	91	0
3	205	0
3	10	0
3	158	0
3	198	0
3	30	1
3	134	0
3	95	0
3	145	0
3	144	0
3	213	0
3	29	1
3	191	0
3	43	0
3	97	0
3	223	0
3	246	0
3	142	1
3	230	0
3	242	0
3	125	0
3	46	0
3	223	0
3	163	1
3	169	0
3	116	0
3	14	0
3	58	0
3	122	0
3	141	1
3	225	0
3	76	0
3	127	0
3	111	0
3	116	0
3	140	1
3	73	0
3	44	0
3	199	0
3	222	0
3	238	0
3	139	1
3	94	0
3	88	0
3	133	0
3	165	0
3	103	0
3	138	1
3	103	0
3	48	0
3	15	0
3	170	0
3	244	0
3	138	1
3	211	0
3	1	0
3	230	0
3	114	0
3	241	0
3	137	1
3	121	0
3	1	0
3	169	0
3	90	0
3	168	0
3	136	1
3	77	0
3	91	0
3	192	0
3	127	0
3	227	0
3	136	1
3	88	0
3	99	0
3	66	0
3	230	0
3	21	0
3	47	1
3	238	0
3	193	0
3	124	0
3	182	0
3	26	0
3	135	1
3	102	0
3	59	0
3	3	0
3	169	0
3	24	0
3	150	1
3	159	0
3	216	0
3	118	0
3	176	0
3	202	0
3	150	1
3	106	0
3	7	0
3	88	0
3	43	0
3	173	0
3	149	1
3	205	0
3	244	0
3	52	0
3	60	0
3	51	0
3	148	1
3	48	0
3	173	0
3	120	0
3	120	0
3	220	0
3	112	1
3	128	0
3	211	0
3	109	0
3	58	0
3	1	0
3	113	1
3	208	0
3	190	0
3	151	0
3	123	0
3	169	0
3	86	1
3	65	0
3	41	0
3	197	0
3	145	0
3	88	0
3	64	1
3	111	0
3	152	0
3	103	0
3	98	0
3	51	0
3	147	1
3	172	0
3	24	0
3	72	0
3	59	0
3	122	0
3	166	1
3	169	0
3	94	0
3	206	0
3	51	0
3	18	0
3	132	1
3	82	0
3	63	0
3	222	0
3	151	0
3	175	0
3	226	1
3	241	0
3	183	0
3	48	0
3	129	0
3	110	0
3	228	1
3	158	0
3	190	0
3	59	0
3	158	0
3	67	0
3	218	1
3	177	0
3	0	0
3	183	0
3	85	0
3	184	0
3	217	1
3	81	0
3	177	0
3	178	0
3	50	0
3	85	0
3	156	1
3	37	0
3	186	0
3	101	0
3	77	0
3	118	0
3	196	1
3	93	0
3	155	0
3	84	0
3	66	0
3	181	0
3	38	1
3	101	0
3	158	0
3	227	0
3	82	0
3	21	0
3	146	1
3	128	0
3	97	0
3	11	0
3	61	0
3	162	0
3	212	1
3	58	0
3	246	0
3	44	0
3	198	0
3	197	0
3	237	1
3	129	0
3	227	0
3	206	0
3	209	0
3	93	0
3	203	1
3	123	0
3	171	0
3	37	0
3	208	0
3	104	0
3	214	1
3	14	0
3	74	0
3	50	0
3	107	0
3	67	0
3	204	1
3	56	0
3	225	0
3	167	0
3	225	0
3	21	0
3	201	1
3	46	0
3	211	0
3	128	0
3	164	0
3	94	0
3	231	1
3	60	0
3	48	0
3	151	0
3	121	0
3	78	0
3	234	1
3	80	0
3	128	0
3	82	0
3	60	0
3	84	0
3	236	1
3	0	0
3	106	0
3	181	0
3	190	0
3	187	0
3	215	1
3	219	0
3	34	0
3	62	0
3	49	0
3	96	0
3	239	1
3	106	0
3	42	0
3	44	0
3	109	0
3	44	0
3	143	1
3	209	0
3	230	0
3	108	0
3	246	0
3	32	0
4	214	1
4	35	0
4	162	0
4	24	0
4	118	0
4	55	0
4	238	1
4	112	0
4	121	0
4	70	0
4	176	0
4	59	0
4	214	1
4	73	0
4	102	0
4	216	0
4	226	0
4	98	0
4	238	1
4	21	0
4	195	0
4	19	0
4	192	0
4	96	0
5	10	1
5	49	0
5	87	0
5	4	0
5	59	0
5	77	0
6	20	1
6	90	0
6	230	0
6	114	0
6	49	0
6	102	0
6	43	1
6	237	0
6	141	0
6	206	0
6	198	0
6	22	0
6	14	1
6	186	0
6	70	0
6	162	0
6	129	0
6	28	0
7	120	1
7	203	0
7	85	0
7	38	0
7	116	0
7	133	0
7	240	1
7	246	0
7	221	0
7	192	0
7	158	0
7	130	0
7	120	1
7	112	0
7	149	0
7	224	0
7	185	0
7	233	0
7	120	1
7	66	0
7	118	0
7	55	0
7	111	0
7	48	0
7	240	1
7	31	0
7	156	0
7	79	0
7	116	0
7	197	0
7	239	1
7	142	0
7	91	0
7	223	0
7	208	0
7	25	0
7	120	1
7	221	0
7	65	0
7	56	0
7	45	0
7	123	0
8	178	1
8	44	0
8	150	0
8	99	0
8	189	0
8	234	0
8	180	1
8	149	0
8	3	0
8	41	0
8	246	0
8	116	0
8	199	1
8	41	0
8	132	0
8	28	0
8	17	0
8	84	0
8	233	1
8	10	0
8	21	0
8	55	0
8	119	0
8	246	0
9	41	1
9	5	0
9	11	0
9	28	0
9	240	0
9	169	0
9	89	1
9	130	0
9	112	0
9	70	0
9	186	0
9	224	0
9	74	1
9	33	0
9	129	0
9	208	0
9	48	0
9	200	0
9	107	1
9	119	0
9	91	0
9	195	0
9	133	0
9	85	0
9	118	1
9	97	0
9	54	0
9	160	0
9	133	0
9	72	0
9	156	1
9	145	0
9	167	0
9	97	0
9	85	0
9	160	0
9	226	1
9	75	0
9	235	0
9	134	0
9	38	0
9	131	0
9	245	1
9	14	0
9	123	0
9	171	0
9	150	0
9	177	0
9	17	1
9	171	0
9	44	0
9	34	0
9	95	0
9	11	0
9	74	1
9	46	0
9	174	0
9	93	0
9	219	0
9	116	0
9	118	1
9	152	0
9	124	0
9	103	0
9	99	0
9	10	0
9	117	1
9	131	0
9	168	0
9	115	0
9	105	0
9	246	0
9	98	1
9	196	0
9	86	0
9	234	0
9	13	0
9	214	0
9	98	1
9	234	0
9	6	0
9	152	0
9	90	0
9	20	0
9	98	1
9	241	0
9	192	0
9	80	0
9	206	0
9	25	0
9	98	1
9	15	0
9	84	0
9	27	0
9	21	0
9	239	0
9	117	1
9	165	0
9	45	0
9	82	0
9	199	0
9	194	0
9	226	1
9	38	0
9	147	0
9	125	0
9	38	0
9	209	0
10	53	1
10	93	0
10	203	0
10	14	0
10	0	0
10	211	0
10	86	1
10	104	0
10	63	0
10	81	0
10	219	0
10	21	0
11	172	1
11	124	0
11	46	0
11	148	0
11	229	0
11	217	0
11	172	1
11	246	0
11	200	0
11	103	0
11	186	0
11	133	0
12	185	1
12	155	0
12	30	0
12	67	0
12	85	0
12	186	0
12	134	1
12	114	0
12	140	0
12	108	0
12	207	0
12	180	0
13	227	1
13	212	0
13	74	0
13	119	0
13	83	0
13	155	0
13	45	1
13	61	0
13	109	0
13	132	0
13	124	0
13	28	0
14	62	1
14	15	0
14	61	0
14	30	0
14	118	0
14	147	0
14	70	1
14	180	0
14	228	0
14	9	0
14	202	0
14	115	0
14	100	1
14	92	0
14	98	0
14	46	0
14	221	0
14	43	0
14	53	1
14	38	0
14	185	0
14	45	0
14	29	0
14	142	0
15	158	1
15	87	0
15	205	0
15	15	0
15	1	0
15	133	0
15	187	1
15	134	0
15	220	0
15	104	0
15	174	0
15	237	0
15	190	1
15	188	0
15	16	0
15	45	0
15	111	0
15	188	0
16	141	1
16	100	0
16	61	0
16	198	0
16	130	0
16	87	0
16	12	1
16	34	0
16	181	0
16	139	0
16	36	0
16	161	0
16	39	1
16	168	0
16	93	0
16	102	0
16	122	0
16	69	0
16	176	1
16	34	0
16	209	0
16	100	0
16	92	0
16	233	0
17	65	1
17	218	0
17	140	0
17	231	0
17	47	0
17	89	0
17	97	1
17	58	0
17	58	0
17	169	0
17	233	0
17	115	0
17	84	1
17	25	0
17	85	0
17	238	0
17	187	0
17	70	0
17	175	1
17	201	0
17	242	0
17	214	0
17	128	0
17	199	0
18	43	1
18	41	0
18	89	0
18	119	0
18	233	0
18	171	0
19	119	1
19	171	0
19	62	0
19	165	0
19	206	0
19	196	0
19	77	1
19	201	0
19	31	0
19	55	0
19	117	0
19	87	0
19	77	1
19	180	0
19	159	0
19	212	0
19	133	0
19	65	0
20	222	1
20	230	0
20	53	0
20	214	0
20	82	0
20	35	0
21	142	1
21	179	0
21	42	0
21	242	0
21	220	0
21	117	0
21	139	1
21	143	0
21	57	0
21	57	0
21	11	0
21	108	0
21	215	1
21	210	0
21	36	0
21	132	0
21	137	0
21	136	0
21	204	1
21	235	0
21	158	0
21	207	0
21	170	0
21	166	0
21	237	1
21	20	0
21	67	0
21	134	0
21	183	0
21	232	0
21	215	1
21	217	0
21	155	0
21	155	0
21	97	0
21	81	0
22	206	1
22	34	0
22	81	0
22	185	0
22	36	0
22	134	0
23	177	1
23	57	0
23	218	0
23	131	0
23	149	0
23	63	0
24	186	1
24	24	0
24	119	0
24	146	0
24	102	0
24	64	0
24	186	1
24	159	0
24	8	0
24	165	0
24	117	0
24	106	0
24	39	1
24	46	0
24	183	0
24	71	0
24	3	0
24	138	0
24	39	1
24	150	0
24	122	0
24	166	0
24	229	0
24	12	0
25	24	1
25	205	0
25	243	0
25	126	0
25	23	0
25	167	0
26	40	1
26	96	0
26	165	0
26	213	0
26	181	0
26	9	0
26	172	1
26	239	0
26	185	0
26	11	0
26	93	0
26	115	0
26	40	1
26	242	0
26	238	0
26	220	0
26	55	0
26	190	0
26	91	1
26	14	0
26	111	0
26	166	0
26	214	0
26	229	0
26	85	1
26	231	0
26	168	0
26	44	0
26	244	0
26	217	0
27	6	1
27	110	0
27	7	0
27	210	0
27	155	0
27	14	0
28	71	1
28	79	0
28	61	0
28	106	0
28	33	0
28	138	0
29	162	1
29	123	0
29	101	0
29	158	0
29	186	0
29	160	0
29	162	1
29	205	0
29	241	0
29	179	0
29	198	0
29	224	0
30	67	1
30	103	0
30	57	0
30	104	0
30	76	0
30	207	0
30	246	1
30	229	0
30	138	0
30	231	0
30	66	0
30	36	0
30	81	1
30	83	0
30	197	0
30	76	0
30	222	0
30	6	0
31	45	1
31	64	0
31	50	0
31	55	0
31	124	0
31	86	0
32	229	1
32	130	0
32	184	0
32	11	0
32	165	0
32	72	0
33	177	1
33	234	0
33	196	0
33	27	0
33	4	0
33	62	0
34	100	1
34	207	0
34	58	0
34	97	0
34	38	0
34	136	0
35	45	1
35	58	0
35	202	0
35	92	0
35	208	0
35	81	0
36	106	1
36	142	0
36	188	0
36	182	0
36	230	0
36	88	0
36	196	1
36	229	0
36	176	0
36	126	0
36	118	0
36	107	0
36	106	1
36	183	0
36	159	0
36	20	0
36	223	0
36	41	0
36	196	1
36	147	0
36	130	0
36	1	0
36	232	0
36	138	0
37	149	1
37	38	0
37	99	0
37	236	0
37	207	0
37	189	0
38	121	1
38	170	0
38	169	0
38	166	0
38	55	0
38	235	0
39	60	1
39	120	0
39	4	0
39	9	0
39	151	0
39	233	0
40	66	1
40	144	0
40	237	0
40	171	0
40	139	0
40	32	0
40	66	1
40	153	0
40	51	0
40	159	0
40	64	0
40	144	0
41	120	1
41	125	0
41	235	0
41	64	0
41	182	0
41	63	0
42	92	1
42	27	0
42	165	0
42	16	0
42	200	0
42	95	0
42	92	1
42	98	0
42	131	0
42	21	0
42	157	0
42	165	0
42	92	1
42	44	0
42	9	0
42	197	0
42	221	0
42	37	0
42	169	1
42	234	0
42	103	0
42	76	0
42	230	0
42	93	0
42	229	1
42	225	0
42	165	0
42	184	0
42	104	0
42	41	0
42	229	1
42	118	0
42	109	0
42	213	0
42	234	0
42	146	0
43	39	1
43	142	0
43	25	0
43	47	0
43	70	0
43	172	0
44	82	1
44	72	0
44	237	0
44	198	0
44	153	0
44	11	0
45	223	1
45	35	0
45	46	0
45	4	0
45	163	0
45	227	0
46	65	1
46	232	0
46	180	0
46	105	0
46	102	0
46	109	0
47	84	1
47	24	0
47	23	0
47	181	0
47	199	0
47	53	0
48	186	1
48	17	0
48	49	0
48	170	0
48	193	0
48	147	0
48	15	1
48	139	0
48	175	0
48	54	0
48	175	0
48	46	0
48	197	1
48	230	0
48	225	0
48	201	0
48	207	0
48	58	0
48	191	1
48	40	0
48	33	0
48	5	0
48	167	0
48	236	0
48	186	1
48	109	0
48	232	0
48	101	0
48	22	0
48	185	0
49	234	1
49	226	0
49	167	0
49	212	0
49	205	0
49	6	0
50	81	1
50	76	0
50	218	0
50	181	0
50	55	0
50	232	0
51	121	1
51	215	0
51	58	0
51	146	0
51	46	0
51	104	0
51	91	1
51	35	0
51	134	0
51	215	0
51	221	0
51	76	0
52	64	1
52	174	0
52	76	0
52	128	0
52	179	0
52	109	0
52	38	1
52	238	0
52	147	0
52	202	0
52	161	0
52	80	0
53	147	1
53	27	0
53	76	0
53	96	0
53	183	0
53	79	0
54	20	1
54	63	0
54	138	0
54	149	0
54	99	0
54	169	0
54	43	1
54	218	0
54	80	0
54	39	0
54	174	0
54	191	0
54	26	1
54	134	0
54	39	0
54	70	0
54	71	0
54	206	0
54	163	1
54	18	0
54	210	0
54	182	0
54	45	0
54	197	0
54	163	1
54	199	0
54	131	0
54	200	0
54	172	0
54	89	0
54	20	1
54	95	0
54	154	0
54	101	0
54	124	0
54	155	0
54	14	1
54	223	0
54	50	0
54	193	0
54	81	0
54	4	0
54	43	1
54	116	0
54	105	0
54	9	0
54	128	0
54	75	0
54	43	1
54	10	0
54	3	0
54	230	0
54	232	0
54	201	0
54	43	1
54	77	0
54	112	0
54	21	0
54	42	0
54	93	0
54	43	1
54	137	0
54	83	0
54	0	0
54	109	0
54	211	0
54	204	1
54	94	0
54	32	0
54	69	0
54	225	0
54	228	0
54	43	1
54	21	0
54	189	0
54	223	0
54	236	0
54	228	0
54	43	1
54	89	0
54	130	0
54	112	0
54	84	0
54	111	0
54	203	1
54	109	0
54	238	0
54	58	0
54	22	0
54	174	0
55	58	1
55	207	0
55	176	0
55	134	0
55	128	0
55	109	0
56	44	1
56	171	0
56	195	0
56	63	0
56	16	0
56	8	0
56	163	1
56	216	0
56	116	0
56	236	0
56	240	0
56	46	0
56	52	1
56	121	0
56	63	0
56	181	0
56	189	0
56	223	0
56	66	1
56	112	0
56	211	0
56	73	0
56	168	0
56	209	0
56	80	1
56	234	0
56	245	0
56	226	0
56	172	0
56	5	0
56	104	1
56	37	0
56	157	0
56	98	0
56	102	0
56	192	0
56	117	1
56	220	0
56	72	0
56	239	0
56	154	0
56	226	0
56	114	1
56	226	0
56	88	0
56	54	0
56	126	0
56	204	0
56	166	1
56	92	0
56	210	0
56	23	0
56	147	0
56	141	0
56	117	1
56	30	0
56	10	0
56	138	0
56	186	0
56	62	0
56	44	1
56	31	0
56	189	0
56	217	0
56	204	0
56	170	0
56	134	1
56	206	0
56	18	0
56	13	0
56	201	0
56	90	0
56	44	1
56	245	0
56	58	0
56	109	0
56	11	0
56	26	0
56	104	1
56	92	0
56	14	0
56	130	0
56	226	0
56	167	0
56	44	1
56	17	0
56	207	0
56	175	0
56	115	0
56	135	0
56	44	1
56	191	0
56	149	0
56	105	0
56	5	0
56	204	0
56	163	1
56	140	0
56	8	0
56	223	0
56	211	0
56	238	0
56	104	1
56	140	0
56	172	0
56	98	0
56	38	0
56	156	0
56	20	1
56	11	0
56	84	0
56	154	0
56	216	0
56	221	0
57	123	1
57	23	0
57	179	0
57	235	0
57	82	0
57	42	0
58	100	1
58	137	0
58	166	0
58	180	0
58	54	0
58	49	0
59	156	1
59	30	0
59	5	0
59	153	0
59	1	0
59	49	0
60	79	1
60	216	0
60	223	0
60	96	0
60	15	0
60	46	0
60	127	1
60	58	0
60	135	0
60	95	0
60	55	0
60	157	0
60	105	1
60	31	0
60	221	0
60	136	0
60	159	0
60	129	0
60	244	1
60	1	0
60	229	0
60	51	0
60	169	0
60	53	0
60	127	1
60	28	0
60	111	0
60	227	0
60	216	0
60	233	0
60	218	1
60	163	0
60	31	0
60	72	0
60	190	0
60	98	0
60	218	1
60	5	0
60	174	0
60	17	0
60	216	0
60	188	0
60	242	1
60	195	0
60	128	0
60	151	0
60	196	0
60	221	0
60	206	1
60	235	0
60	55	0
60	156	0
60	197	0
60	200	0
61	43	1
61	200	0
61	235	0
61	66	0
61	151	0
61	195	0
62	85	1
62	31	0
62	144	0
62	14	0
62	51	0
62	189	0
62	124	1
62	11	0
62	13	0
62	27	0
62	131	0
62	65	0
62	160	1
62	93	0
62	97	0
62	179	0
62	66	0
62	244	0
62	205	1
62	181	0
62	111	0
62	63	0
62	24	0
62	191	0
62	16	1
62	89	0
62	211	0
62	44	0
62	17	0
62	22	0
62	32	1
62	93	0
62	238	0
62	57	0
62	122	0
62	133	0
62	124	1
62	86	0
62	97	0
62	181	0
62	141	0
62	193	0
62	198	1
62	203	0
62	133	0
62	210	0
62	18	0
62	8	0
62	85	1
62	2	0
62	246	0
62	166	0
62	93	0
62	117	0
62	198	1
62	175	0
62	46	0
62	52	0
62	231	0
62	196	0
62	85	1
62	45	0
62	140	0
62	10	0
62	235	0
62	158	0
62	85	1
62	77	0
62	163	0
62	125	0
62	108	0
62	14	0
62	85	1
62	208	0
62	1	0
62	149	0
62	29	0
62	235	0
62	198	1
62	123	0
62	125	0
62	169	0
62	221	0
62	224	0
62	198	1
62	229	0
62	162	0
62	195	0
62	164	0
62	120	0
62	85	1
62	111	0
62	87	0
62	136	0
62	30	0
62	29	0
62	85	1
62	189	0
62	223	0
62	159	0
62	152	0
62	58	0
62	85	1
62	210	0
62	1	0
62	215	0
62	5	0
62	110	0
62	198	1
62	35	0
62	165	0
62	79	0
62	193	0
62	48	0
62	198	1
62	129	0
62	10	0
62	111	0
62	208	0
62	1	0
62	198	1
62	146	0
62	202	0
62	89	0
62	2	0
62	20	0
62	198	1
62	113	0
62	74	0
62	223	0
62	18	0
62	203	0
62	198	1
62	52	0
62	71	0
62	34	0
62	147	0
62	189	0
62	198	1
62	148	0
62	242	0
62	33	0
62	18	0
62	29	0
62	218	1
62	89	0
62	223	0
62	182	0
62	49	0
62	29	0
62	205	1
62	236	0
62	243	0
62	215	0
62	200	0
62	159	0
62	237	1
62	3	0
62	13	0
62	119	0
62	9	0
62	137	0
62	237	1
62	204	0
62	179	0
62	36	0
62	31	0
62	74	0
62	232	1
62	157	0
62	188	0
62	67	0
62	89	0
62	101	0
63	168	1
63	211	0
63	181	0
63	199	0
63	123	0
63	198	0
63	168	1
63	213	0
63	158	0
63	89	0
63	211	0
63	84	0
63	239	1
63	127	0
63	227	0
63	206	0
63	62	0
63	14	0
63	168	1
63	213	0
63	222	0
63	237	0
63	220	0
63	55	0
64	42	1
64	208	0
64	65	0
64	9	0
64	207	0
64	107	0
64	217	1
64	112	0
64	116	0
64	214	0
64	178	0
64	110	0
64	222	1
64	36	0
64	160	0
64	138	0
64	118	0
64	98	0
64	209	1
64	101	0
64	212	0
64	243	0
64	41	0
64	128	0
64	202	1
64	59	0
64	182	0
64	173	0
64	173	0
64	118	0
64	241	1
64	64	0
64	32	0
64	38	0
64	218	0
64	44	0
64	231	1
64	203	0
64	106	0
64	189	0
64	98	0
64	216	0
64	233	1
64	5	0
64	153	0
64	223	0
64	239	0
64	193	0
64	235	1
64	74	0
64	125	0
64	181	0
64	207	0
64	142	0
64	4	1
64	130	0
64	17	0
64	187	0
64	34	0
64	163	0
64	27	1
64	205	0
64	74	0
64	243	0
64	229	0
64	159	0
64	22	1
64	102	0
64	178	0
64	60	0
64	220	0
64	32	0
64	35	1
64	211	0
64	8	0
64	236	0
64	170	0
64	123	0
64	31	1
64	15	0
64	49	0
64	183	0
64	74	0
64	63	0
64	1	1
64	70	0
64	179	0
64	204	0
64	180	0
64	189	0
64	2	1
64	36	0
64	13	0
64	172	0
64	21	0
64	20	0
64	0	1
64	65	0
64	229	0
64	132	0
64	61	0
64	46	0
64	209	1
64	72	0
64	243	0
64	107	0
64	232	0
64	45	0
64	120	1
64	88	0
64	45	0
64	93	0
64	157	0
64	70	0
64	120	1
64	151	0
64	71	0
64	138	0
64	191	0
64	73	0
64	143	1
64	166	0
64	234	0
64	144	0
64	3	0
64	32	0
64	215	1
64	90	0
64	204	0
64	223	0
64	81	0
64	182	0
65	76	1
65	183	0
65	204	0
65	218	0
65	146	0
65	147	0
65	79	1
65	121	0
65	211	0
65	62	0
65	202	0
65	130	0
66	146	1
66	237	0
66	212	0
66	109	0
66	60	0
66	53	0
67	84	1
67	92	0
67	177	0
67	175	0
67	244	0
67	9	0
67	43	1
67	86	0
67	221	0
67	20	0
67	235	0
67	182	0
68	98	1
68	92	0
68	238	0
68	78	0
68	96	0
68	20	0
68	145	1
68	71	0
68	71	0
68	246	0
68	11	0
68	218	0
69	52	1
69	124	0
69	158	0
69	214	0
69	233	0
69	79	0
69	100	1
69	242	0
69	11	0
69	244	0
69	9	0
69	27	0
69	208	1
69	88	0
69	63	0
69	101	0
69	185	0
69	158	0
69	203	1
69	220	0
69	27	0
69	150	0
69	115	0
69	226	0
69	234	1
69	141	0
69	39	0
69	231	0
69	184	0
69	195	0
70	228	1
70	187	0
70	89	0
70	171	0
70	5	0
70	54	0
71	52	1
71	229	0
71	236	0
71	139	0
71	214	0
71	31	0
71	110	1
71	185	0
71	217	0
71	135	0
71	86	0
71	106	0
71	46	1
71	3	0
71	145	0
71	68	0
71	55	0
71	76	0
72	133	1
72	80	0
72	196	0
72	202	0
72	108	0
72	5	0
72	133	1
72	244	0
72	246	0
72	134	0
72	8	0
72	78	0
72	191	1
72	112	0
72	192	0
72	42	0
72	93	0
72	11	0
72	133	1
72	127	0
72	4	0
72	152	0
72	89	0
72	94	0
72	191	1
72	101	0
72	101	0
72	38	0
72	20	0
72	124	0
72	133	1
72	195	0
72	43	0
72	188	0
72	171	0
72	213	0
73	148	1
73	77	0
73	156	0
73	128	0
73	54	0
73	27	0
74	83	1
74	63	0
74	161	0
74	110	0
74	138	0
74	8	0
74	83	1
74	39	0
74	233	0
74	160	0
74	206	0
74	203	0
74	133	1
74	195	0
74	177	0
74	37	0
74	216	0
74	122	0
74	43	1
74	66	0
74	216	0
74	69	0
74	57	0
74	196	0
75	58	1
75	56	0
75	170	0
75	57	0
75	103	0
75	161	0
76	88	1
76	62	0
76	163	0
76	26	0
76	179	0
76	54	0
76	103	1
76	45	0
76	23	0
76	131	0
76	93	0
76	62	0
77	99	1
77	1	0
77	97	0
77	123	0
77	21	0
77	116	0
77	224	1
77	143	0
77	131	0
77	18	0
77	151	0
77	124	0
77	224	1
77	72	0
77	179	0
77	102	0
77	155	0
77	50	0
78	43	1
78	152	0
78	207	0
78	117	0
78	117	0
78	104	0
79	61	1
79	188	0
79	183	0
79	125	0
79	46	0
79	25	0
79	102	1
79	235	0
79	137	0
79	52	0
79	197	0
79	213	0
79	55	1
79	114	0
79	100	0
79	152	0
79	228	0
79	178	0
79	71	1
79	132	0
79	167	0
79	35	0
79	96	0
79	26	0
79	102	1
79	140	0
79	123	0
79	239	0
79	144	0
79	195	0
80	100	1
80	211	0
80	142	0
80	164	0
80	38	0
80	46	0
81	77	1
81	214	0
81	172	0
81	236	0
81	239	0
81	150	0
82	51	1
82	196	0
82	87	0
82	129	0
82	64	0
82	213	0
82	114	1
82	53	0
82	198	0
82	125	0
82	236	0
82	216	0
83	84	1
83	143	0
83	91	0
83	196	0
83	49	0
83	75	0
84	212	1
84	6	0
84	141	0
84	171	0
84	210	0
84	162	0
85	123	1
85	74	0
85	93	0
85	130	0
85	163	0
85	58	0
85	123	1
85	37	0
85	87	0
85	232	0
85	148	0
85	50	0
85	123	1
85	128	0
85	41	0
85	201	0
85	246	0
85	189	0
85	123	1
85	246	0
85	61	0
85	3	0
85	173	0
85	240	0
85	199	1
85	170	0
85	238	0
85	163	0
85	223	0
85	7	0
85	43	1
85	176	0
85	178	0
85	145	0
85	111	0
85	64	0
86	203	1
86	24	0
86	179	0
86	180	0
86	133	0
86	188	0
87	134	1
87	216	0
87	216	0
87	227	0
87	222	0
87	25	0
87	45	1
87	195	0
87	171	0
87	195	0
87	116	0
87	175	0
88	85	1
88	58	0
88	235	0
88	240	0
88	30	0
88	15	0
89	20	1
89	78	0
89	50	0
89	234	0
89	188	0
89	152	0
89	14	1
89	150	0
89	220	0
89	197	0
89	191	0
89	71	0
90	20	1
90	197	0
90	140	0
90	60	0
90	217	0
90	224	0
90	14	1
90	241	0
90	219	0
90	154	0
90	90	0
90	75	0
90	14	1
90	8	0
90	124	0
90	62	0
90	229	0
90	123	0
91	38	1
91	96	0
91	180	0
91	197	0
91	30	0
91	83	0
91	150	1
91	153	0
91	158	0
91	121	0
91	201	0
91	71	0
92	143	1
92	105	0
92	166	0
92	163	0
92	244	0
92	156	0
92	143	1
92	146	0
92	189	0
92	238	0
92	208	0
92	214	0
93	181	1
93	104	0
93	79	0
93	51	0
93	63	0
93	223	0
94	69	1
94	100	0
94	118	0
94	157	0
94	30	0
94	36	0
94	56	1
94	111	0
94	233	0
94	185	0
94	17	0
94	229	0
95	63	1
95	40	0
95	13	0
95	3	0
95	117	0
95	179	0
95	81	1
95	154	0
95	192	0
95	119	0
95	67	0
95	2	0
95	81	1
95	138	0
95	207	0
95	165	0
95	240	0
95	29	0
95	81	1
95	240	0
95	187	0
95	142	0
95	192	0
95	72	0
95	164	1
95	36	0
95	90	0
95	179	0
95	131	0
95	46	0
96	123	1
96	196	0
96	210	0
96	104	0
96	166	0
96	227	0
97	194	1
97	104	0
97	203	0
97	1	0
97	116	0
97	146	0
97	136	1
97	61	0
97	233	0
97	137	0
97	245	0
97	84	0
98	43	1
98	15	0
98	241	0
98	113	0
98	134	0
98	13	0
98	20	1
98	232	0
98	146	0
98	36	0
98	140	0
98	137	0
98	14	1
98	245	0
98	29	0
98	56	0
98	214	0
98	27	0
99	67	1
99	32	0
99	187	0
99	107	0
99	212	0
99	163	0
99	46	1
99	11	0
99	65	0
99	114	0
99	137	0
99	157	0
100	164	1
100	43	0
100	222	0
100	123	0
100	150	0
100	0	0
101	104	1
101	89	0
101	223	0
101	215	0
101	83	0
101	105	0
101	44	1
101	238	0
101	223	0
101	206	0
101	69	0
101	42	0
101	77	1
101	185	0
101	120	0
101	21	0
101	246	0
101	187	0
101	104	1
101	55	0
101	175	0
101	59	0
101	243	0
101	141	0
101	104	1
101	24	0
101	50	0
101	173	0
101	41	0
101	163	0
101	104	1
101	132	0
101	94	0
101	151	0
101	177	0
101	94	0
101	44	1
101	64	0
101	100	0
101	75	0
101	26	0
101	237	0
101	44	1
101	31	0
101	48	0
101	69	0
101	216	0
101	194	0
101	104	1
101	243	0
101	233	0
101	51	0
101	190	0
101	171	0
101	104	1
101	222	0
101	171	0
101	137	0
101	129	0
101	225	0
101	104	1
101	29	0
101	20	0
101	229	0
101	128	0
101	67	0
102	182	1
102	232	0
102	245	0
102	28	0
102	44	0
102	186	0
102	221	1
102	195	0
102	204	0
102	146	0
102	177	0
102	67	0
102	226	1
102	194	0
102	99	0
102	168	0
102	50	0
102	100	0
102	215	1
102	89	0
102	118	0
102	126	0
102	187	0
102	220	0
102	222	1
102	10	0
102	148	0
102	10	0
102	231	0
102	195	0
103	14	1
103	57	0
103	127	0
103	177	0
103	237	0
103	95	0
104	20	1
104	10	0
104	190	0
104	54	0
104	23	0
104	119	0
105	159	1
105	84	0
105	73	0
105	193	0
105	179	0
105	230	0
106	46	1
106	207	0
106	115	0
106	90	0
106	97	0
106	130	0
106	46	1
106	59	0
106	171	0
106	95	0
106	204	0
106	72	0
107	199	1
107	152	0
107	220	0
107	73	0
107	127	0
107	3	0
108	242	1
108	48	0
108	63	0
108	209	0
108	120	0
108	226	0
109	123	1
109	106	0
109	240	0
109	47	0
109	52	0
109	23	0
110	92	1
110	6	0
110	233	0
110	199	0
110	147	0
110	57	0
110	102	1
110	185	0
110	96	0
110	2	0
110	43	0
110	188	0
111	137	1
111	215	0
111	194	0
111	57	0
111	30	0
111	102	0
112	114	1
112	135	0
112	190	0
112	1	0
112	26	0
112	54	0
112	86	1
112	105	0
112	104	0
112	181	0
112	68	0
112	163	0
112	147	1
112	46	0
112	67	0
112	39	0
112	113	0
112	171	0
112	166	1
112	34	0
112	88	0
112	62	0
112	235	0
112	118	0
112	143	1
112	162	0
112	193	0
112	106	0
112	46	0
112	25	0
112	134	1
112	122	0
112	194	0
112	218	0
112	194	0
112	198	0
112	153	1
112	214	0
112	227	0
112	214	0
112	222	0
112	36	0
112	154	1
112	52	0
112	151	0
112	119	0
112	193	0
112	11	0
112	115	1
112	78	0
112	113	0
112	21	0
112	200	0
112	26	0
112	187	1
112	24	0
112	175	0
112	119	0
112	110	0
112	171	0
112	96	1
112	67	0
112	36	0
112	4	0
112	125	0
112	240	0
112	164	1
112	229	0
112	212	0
112	179	0
112	215	0
112	70	0
113	52	1
113	88	0
113	51	0
113	114	0
113	133	0
113	184	0
114	43	1
114	29	0
114	51	0
114	219	0
114	18	0
114	175	0
114	14	1
114	70	0
114	65	0
114	92	0
114	235	0
114	110	0
115	230	1
115	245	0
115	130	0
115	122	0
115	102	0
115	237	0
116	101	1
116	155	0
116	54	0
116	186	0
116	110	0
116	114	0
116	157	1
116	19	0
116	238	0
116	36	0
116	242	0
116	127	0
116	213	1
116	83	0
116	20	0
116	206	0
116	137	0
116	242	0
116	116	1
116	245	0
116	117	0
116	176	0
116	125	0
116	74	0
117	45	1
117	184	0
117	25	0
117	101	0
117	41	0
117	141	0
118	73	1
118	34	0
118	139	0
118	232	0
118	116	0
118	103	0
118	20	1
118	69	0
118	119	0
118	191	0
118	132	0
118	25	0
118	14	1
118	2	0
118	66	0
118	94	0
118	162	0
118	186	0
119	54	1
119	21	0
119	202	0
119	227	0
119	223	0
119	24	0
120	197	1
120	174	0
120	161	0
120	106	0
120	195	0
120	106	0
120	197	1
120	96	0
120	56	0
120	47	0
120	67	0
120	13	0
120	226	1
120	0	0
120	45	0
120	17	0
120	98	0
120	26	0
121	123	1
121	163	0
121	200	0
121	52	0
121	213	0
121	13	0
121	123	1
121	124	0
121	96	0
121	2	0
121	26	0
121	21	0
122	98	1
122	51	0
122	180	0
122	234	0
122	241	0
122	173	0
123	23	1
123	155	0
123	234	0
123	20	0
123	5	0
123	89	0
124	77	1
124	195	0
124	48	0
124	101	0
124	69	0
124	90	0
124	178	1
124	116	0
124	4	0
124	139	0
124	127	0
124	52	0
124	74	1
124	221	0
124	0	0
124	37	0
124	47	0
124	159	0
124	106	1
124	11	0
124	51	0
124	38	0
124	143	0
124	236	0
124	77	1
124	219	0
124	95	0
124	87	0
124	73	0
124	57	0
124	98	1
124	17	0
124	126	0
124	63	0
124	100	0
124	164	0
124	117	1
124	100	0
124	79	0
124	232	0
124	166	0
124	63	0
124	225	1
124	193	0
124	107	0
124	71	0
124	168	0
124	73	0
124	178	1
124	45	0
124	93	0
124	22	0
124	165	0
124	224	0
125	117	1
125	201	0
125	20	0
125	70	0
125	29	0
125	182	0
125	44	1
125	157	0
125	151	0
125	220	0
125	127	0
125	13	0
125	158	1
125	160	0
125	90	0
125	97	0
125	244	0
125	222	0
125	114	1
125	26	0
125	183	0
125	219	0
125	100	0
125	23	0
125	155	1
125	220	0
125	47	0
125	137	0
125	214	0
125	125	0
125	98	1
125	77	0
125	213	0
125	17	0
125	53	0
125	230	0
125	117	1
125	51	0
125	125	0
125	29	0
125	101	0
125	119	0
125	49	1
125	62	0
125	190	0
125	12	0
125	179	0
125	93	0
125	129	1
125	140	0
125	240	0
125	31	0
125	0	0
125	116	0
125	130	1
125	107	0
125	246	0
125	174	0
125	107	0
125	186	0
125	131	1
125	66	0
125	213	0
125	80	0
125	134	0
125	192	0
125	184	1
125	74	0
125	99	0
125	242	0
125	181	0
125	217	0
125	185	1
125	121	0
125	151	0
125	193	0
125	183	0
125	86	0
126	103	1
126	225	0
126	157	0
126	119	0
126	49	0
126	222	0
126	173	1
126	146	0
126	160	0
126	223	0
126	208	0
126	224	0
126	134	1
126	129	0
126	54	0
126	153	0
126	34	0
126	1	0
126	88	1
126	100	0
126	86	0
126	78	0
126	200	0
126	41	0
126	77	1
126	231	0
126	59	0
126	130	0
126	211	0
126	34	0
126	128	1
126	81	0
126	232	0
126	29	0
126	74	0
126	97	0
127	90	1
127	193	0
127	66	0
127	245	0
127	167	0
127	224	0
127	90	1
127	18	0
127	47	0
127	25	0
127	91	0
127	96	0
128	234	1
128	154	0
128	196	0
128	227	0
128	235	0
128	159	0
129	45	1
129	84	0
129	94	0
129	192	0
129	245	0
129	217	0
130	128	1
130	219	0
130	194	0
130	208	0
130	99	0
130	227	0
130	76	1
130	129	0
130	3	0
130	97	0
130	59	0
130	133	0
130	128	1
130	94	0
130	123	0
130	12	0
130	19	0
130	134	0
131	203	1
131	41	0
131	67	0
131	35	0
131	27	0
131	231	0
132	203	1
132	141	0
132	211	0
132	114	0
132	176	0
132	166	0
132	242	1
132	220	0
132	8	0
132	143	0
132	15	0
132	141	0
133	57	1
133	175	0
133	148	0
133	209	0
133	187	0
133	206	0
133	55	1
133	15	0
133	134	0
133	148	0
133	217	0
133	172	0
133	75	1
133	174	0
133	128	0
133	240	0
133	195	0
133	177	0
133	55	1
133	187	0
133	217	0
133	22	0
133	206	0
133	170	0
133	55	1
133	31	0
133	239	0
133	29	0
133	97	0
133	112	0
133	75	1
133	37	0
133	124	0
133	148	0
133	111	0
133	66	0
134	104	1
134	49	0
134	107	0
134	213	0
134	18	0
134	174	0
135	146	1
135	8	0
135	173	0
135	135	0
135	203	0
135	231	0
135	97	1
135	147	0
135	80	0
135	212	0
135	119	0
135	223	0
135	69	1
135	58	0
135	234	0
135	54	0
135	78	0
135	82	0
135	110	1
135	241	0
135	105	0
135	128	0
135	86	0
135	2	0
135	134	1
135	202	0
135	50	0
135	171	0
135	216	0
135	241	0
135	146	1
135	123	0
135	178	0
135	245	0
135	225	0
135	32	0
135	158	1
135	39	0
135	47	0
135	9	0
135	94	0
135	189	0
135	161	1
135	228	0
135	29	0
135	224	0
135	87	0
135	208	0
135	183	1
135	245	0
135	48	0
135	147	0
135	131	0
135	62	0
135	170	1
135	126	0
135	130	0
135	114	0
135	47	0
135	169	0
135	198	1
135	192	0
135	171	0
135	7	0
135	166	0
135	164	0
135	162	1
135	83	0
135	91	0
135	118	0
135	3	0
135	132	0
135	97	1
135	143	0
135	119	0
135	25	0
135	230	0
135	15	0
135	198	1
135	192	0
135	196	0
135	221	0
135	76	0
135	10	0
135	85	1
135	167	0
135	180	0
135	133	0
135	193	0
135	159	0
135	85	1
135	4	0
135	35	0
135	235	0
135	24	0
135	230	0
135	198	1
135	140	0
135	166	0
135	6	0
135	34	0
135	3	0
136	101	1
136	80	0
136	182	0
136	236	0
136	109	0
136	229	0
136	101	1
136	64	0
136	237	0
136	62	0
136	228	0
136	246	0
137	143	1
137	46	0
137	145	0
137	114	0
137	2	0
137	35	0
138	108	1
138	96	0
138	212	0
138	146	0
138	32	0
138	220	0
138	108	1
138	124	0
138	186	0
138	243	0
138	138	0
138	34	0
139	45	1
139	37	0
139	38	0
139	229	0
139	59	0
139	65	0
140	14	1
140	95	0
140	245	0
140	41	0
140	116	0
140	192	0
141	125	1
141	158	0
141	34	0
141	100	0
141	13	0
141	145	0
141	7	1
141	23	0
141	107	0
141	177	0
141	27	0
141	72	0
141	43	1
141	168	0
141	90	0
141	156	0
141	143	0
141	195	0
142	230	1
142	184	0
142	205	0
142	175	0
142	64	0
142	66	0
143	20	1
143	134	0
143	117	0
143	73	0
143	178	0
143	141	0
143	14	1
143	152	0
143	4	0
143	18	0
143	83	0
143	68	0
144	60	1
144	207	0
144	198	0
144	12	0
144	153	0
144	227	0
144	93	1
144	108	0
144	243	0
144	82	0
144	105	0
144	0	0
144	100	1
144	246	0
144	44	0
144	155	0
144	104	0
144	238	0
144	100	1
144	47	0
144	156	0
144	171	0
144	121	0
144	165	0
145	192	1
145	2	0
145	198	0
145	93	0
145	241	0
145	131	0
145	192	1
145	209	0
145	163	0
145	116	0
145	72	0
145	9	0
146	90	1
146	46	0
146	26	0
146	185	0
146	150	0
146	15	0
146	89	1
146	188	0
146	8	0
146	78	0
146	118	0
146	13	0
146	41	1
146	187	0
146	236	0
146	155	0
146	10	0
146	208	0
146	83	1
146	241	0
146	103	0
146	232	0
146	142	0
146	146	0
146	44	1
146	13	0
146	221	0
146	202	0
146	143	0
146	33	0
146	81	1
146	117	0
146	36	0
146	45	0
146	36	0
146	31	0
146	81	1
146	47	0
146	234	0
146	128	0
146	66	0
146	219	0
146	81	1
146	212	0
146	150	0
146	95	0
146	75	0
146	136	0
146	52	1
146	147	0
146	26	0
146	135	0
146	119	0
146	112	0
146	68	1
146	215	0
146	161	0
146	217	0
146	88	0
146	93	0
146	133	1
146	74	0
146	240	0
146	219	0
146	134	0
146	176	0
146	68	1
146	11	0
146	36	0
146	162	0
146	86	0
146	244	0
146	68	1
146	72	0
146	185	0
146	62	0
146	80	0
146	72	0
146	68	1
146	115	0
146	49	0
146	171	0
146	176	0
146	195	0
146	68	1
146	1	0
146	131	0
146	42	0
146	197	0
146	167	0
146	109	1
146	38	0
146	18	0
146	4	0
146	170	0
146	36	0
146	133	1
146	194	0
146	97	0
146	136	0
146	224	0
146	98	0
146	138	1
146	228	0
146	28	0
146	51	0
146	214	0
146	8	0
146	83	1
146	54	0
146	235	0
146	219	0
146	234	0
146	196	0
146	163	1
146	224	0
146	50	0
146	223	0
146	102	0
146	66	0
146	191	1
146	57	0
146	11	0
146	84	0
146	28	0
146	171	0
146	44	1
146	166	0
146	202	0
146	175	0
146	246	0
146	27	0
146	39	1
146	156	0
146	170	0
146	54	0
146	110	0
146	135	0
146	180	1
146	12	0
146	136	0
146	239	0
146	196	0
146	231	0
146	179	1
146	126	0
146	228	0
146	232	0
146	171	0
146	27	0
146	182	1
146	62	0
146	60	0
146	176	0
146	3	0
146	131	0
146	181	1
146	31	0
146	105	0
146	165	0
146	144	0
146	205	0
146	200	1
146	32	0
146	167	0
146	244	0
146	40	0
146	11	0
146	120	1
146	165	0
146	105	0
146	38	0
146	208	0
146	14	0
146	222	1
146	237	0
146	8	0
146	5	0
146	224	0
146	197	0
146	168	1
146	12	0
146	189	0
146	215	0
146	71	0
146	20	0
146	199	1
146	87	0
146	183	0
146	245	0
146	137	0
146	201	0
147	90	1
147	31	0
147	94	0
147	207	0
147	104	0
147	18	0
147	80	1
147	43	0
147	232	0
147	84	0
147	187	0
147	1	0
147	81	1
147	203	0
147	142	0
147	122	0
147	190	0
147	17	0
147	80	1
147	9	0
147	111	0
147	219	0
147	148	0
147	52	0
147	80	1
147	143	0
147	8	0
147	137	0
147	148	0
147	9	0
147	119	1
147	75	0
147	214	0
147	94	0
147	129	0
147	67	0
148	43	1
148	66	0
148	116	0
148	173	0
148	194	0
148	37	0
149	84	1
149	203	0
149	241	0
149	107	0
149	58	0
149	53	0
150	96	1
150	138	0
150	226	0
150	137	0
150	25	0
150	184	0
151	175	1
151	101	0
151	176	0
151	65	0
151	18	0
151	10	0
152	80	1
152	78	0
152	214	0
152	210	0
152	207	0
152	181	0
152	188	1
152	90	0
152	77	0
152	46	0
152	204	0
152	193	0
152	136	1
152	163	0
152	243	0
152	129	0
152	57	0
152	226	0
153	191	1
153	44	0
153	178	0
153	232	0
153	167	0
153	122	0
153	191	1
153	9	0
153	87	0
153	90	0
153	57	0
153	48	0
154	126	1
154	117	0
154	21	0
154	174	0
154	110	0
154	231	0
154	38	1
154	222	0
154	242	0
154	102	0
154	189	0
154	168	0
155	8	1
155	197	0
155	147	0
155	22	0
155	177	0
155	163	0
156	211	1
156	173	0
156	151	0
156	194	0
156	175	0
156	173	0
157	157	1
157	52	0
157	7	0
157	41	0
157	244	0
157	93	0
158	20	1
158	106	0
158	213	0
158	223	0
158	239	0
158	143	0
159	51	1
159	7	0
159	155	0
159	81	0
159	48	0
159	50	0
160	188	1
160	92	0
160	233	0
160	58	0
160	146	0
160	90	0
160	144	1
160	115	0
160	12	0
160	38	0
160	220	0
160	154	0
161	129	1
161	18	0
161	162	0
161	86	0
161	196	0
161	115	0
161	130	1
161	33	0
161	147	0
161	193	0
161	220	0
161	244	0
161	131	1
161	97	0
161	36	0
161	191	0
161	25	0
161	184	0
161	132	1
161	217	0
161	238	0
161	63	0
161	226	0
161	163	0
161	5	1
161	13	0
161	13	0
161	53	0
161	222	0
161	68	0
161	52	1
161	46	0
161	128	0
161	61	0
161	65	0
161	41	0
161	52	1
161	116	0
161	199	0
161	149	0
161	165	0
161	150	0
161	129	1
161	233	0
161	141	0
161	180	0
161	209	0
161	218	0
161	130	1
161	162	0
161	66	0
161	223	0
161	95	0
161	213	0
161	131	1
161	38	0
161	166	0
161	202	0
161	96	0
161	182	0
161	132	1
161	113	0
161	29	0
161	137	0
161	122	0
161	2	0
162	200	1
162	208	0
162	1	0
162	47	0
162	88	0
162	83	0
162	116	1
162	152	0
162	107	0
162	205	0
162	186	0
162	123	0
163	169	1
163	163	0
163	109	0
163	83	0
163	35	0
163	171	0
163	44	1
163	145	0
163	63	0
163	122	0
163	198	0
163	48	0
163	169	1
163	13	0
163	59	0
163	233	0
163	72	0
163	226	0
164	101	1
164	171	0
164	17	0
164	178	0
164	75	0
164	67	0
164	186	1
164	83	0
164	168	0
164	45	0
164	86	0
164	77	0
165	100	1
165	190	0
165	184	0
165	195	0
165	4	0
165	29	0
165	125	1
165	3	0
165	191	0
165	234	0
165	159	0
165	150	0
166	112	1
166	131	0
166	4	0
166	116	0
166	34	0
166	163	0
166	20	1
166	86	0
166	124	0
166	205	0
166	139	0
166	48	0
166	45	1
166	27	0
166	168	0
166	98	0
166	37	0
166	207	0
167	101	1
167	130	0
167	2	0
167	39	0
167	6	0
167	161	0
167	101	1
167	58	0
167	80	0
167	44	0
167	183	0
167	85	0
168	87	1
168	132	0
168	146	0
168	179	0
168	67	0
168	62	0
169	84	1
169	128	0
169	13	0
169	104	0
169	80	0
169	143	0
170	59	1
170	96	0
170	96	0
170	94	0
170	154	0
170	96	0
171	14	1
171	97	0
171	110	0
171	202	0
171	212	0
171	21	0
171	218	1
171	173	0
171	124	0
171	139	0
171	204	0
171	133	0
171	20	1
171	90	0
171	83	0
171	231	0
171	152	0
171	68	0
171	20	1
171	8	0
171	171	0
171	38	0
171	104	0
171	12	0
172	164	1
172	220	0
172	174	0
172	18	0
172	147	0
172	176	0
173	157	1
173	87	0
173	63	0
173	140	0
173	82	0
173	126	0
173	157	1
173	161	0
173	13	0
173	156	0
173	164	0
173	51	0
173	210	1
173	23	0
173	128	0
173	134	0
173	167	0
173	132	0
174	111	1
174	34	0
174	230	0
174	88	0
174	232	0
174	52	0
175	239	1
175	34	0
175	104	0
175	29	0
175	234	0
175	75	0
176	195	1
176	125	0
176	138	0
176	119	0
176	213	0
176	26	0
177	162	1
177	51	0
177	120	0
177	172	0
177	82	0
177	211	0
178	50	1
178	43	0
178	181	0
178	72	0
178	79	0
178	168	0
179	116	1
179	71	0
179	104	0
179	151	0
179	9	0
179	212	0
180	116	1
180	12	0
180	82	0
180	106	0
180	212	0
180	70	0
180	120	1
180	32	0
180	136	0
180	194	0
180	191	0
180	67	0
181	224	1
181	25	0
181	13	0
181	2	0
181	49	0
181	177	0
181	224	1
181	98	0
181	60	0
181	7	0
181	114	0
181	199	0
181	157	1
181	104	0
181	143	0
181	181	0
181	82	0
181	188	0
182	14	1
182	187	0
182	46	0
182	239	0
182	158	0
182	122	0
183	34	1
183	38	0
183	151	0
183	208	0
183	221	0
183	118	0
184	133	1
184	66	0
184	42	0
184	104	0
184	212	0
184	105	0
184	77	1
184	231	0
184	191	0
184	91	0
184	204	0
184	29	0
184	44	1
184	88	0
184	219	0
184	123	0
184	126	0
184	111	0
184	133	1
184	121	0
184	174	0
184	192	0
184	94	0
184	234	0
184	38	1
184	123	0
184	29	0
184	123	0
184	31	0
184	13	0
184	38	1
184	131	0
184	60	0
184	34	0
184	89	0
184	228	0
184	157	1
184	145	0
184	30	0
184	42	0
184	30	0
184	192	0
185	49	1
185	61	0
185	198	0
185	46	0
185	161	0
185	148	0
185	65	1
185	115	0
185	54	0
185	7	0
185	6	0
185	204	0
186	120	1
186	20	0
186	238	0
186	222	0
186	108	0
186	40	0
187	77	1
187	167	0
187	170	0
187	203	0
187	165	0
187	237	0
188	200	1
188	245	0
188	84	0
188	155	0
188	235	0
188	46	0
188	43	1
188	229	0
188	0	0
188	30	0
188	39	0
188	55	0
188	205	1
188	231	0
188	65	0
188	46	0
188	230	0
188	12	0
188	206	1
188	168	0
188	19	0
188	143	0
188	88	0
188	79	0
189	3	1
189	39	0
189	159	0
189	111	0
189	113	0
189	141	0
190	243	1
190	7	0
190	163	0
190	155	0
190	234	0
190	194	0
190	231	1
190	138	0
190	114	0
190	59	0
190	178	0
190	92	0
190	201	1
190	186	0
190	148	0
190	208	0
190	220	0
190	35	0
191	47	1
191	185	0
191	31	0
191	46	0
191	10	0
191	16	0
191	136	1
191	156	0
191	90	0
191	57	0
191	75	0
191	110	0
191	145	1
191	128	0
191	29	0
191	155	0
191	13	0
191	115	0
191	25	1
191	117	0
191	40	0
191	31	0
191	77	0
191	137	0
191	47	1
191	176	0
191	143	0
191	190	0
191	152	0
191	132	0
191	166	1
191	161	0
191	209	0
191	164	0
191	73	0
191	155	0
191	145	1
191	96	0
191	101	0
191	100	0
191	48	0
191	242	0
191	47	1
191	195	0
191	111	0
191	128	0
191	37	0
191	213	0
191	38	1
191	148	0
191	91	0
191	33	0
191	236	0
191	22	0
191	38	1
191	53	0
191	179	0
191	174	0
191	109	0
191	213	0
191	123	1
191	178	0
191	52	0
191	26	0
191	51	0
191	186	0
191	116	1
191	181	0
191	155	0
191	99	0
191	63	0
191	75	0
191	92	1
191	106	0
191	129	0
191	100	0
191	1	0
191	49	0
191	202	1
191	7	0
191	115	0
191	6	0
191	237	0
191	161	0
192	95	1
192	35	0
192	194	0
192	99	0
192	205	0
192	138	0
193	241	1
193	119	0
193	54	0
193	168	0
193	134	0
193	72	0
193	42	1
193	187	0
193	33	0
193	129	0
193	198	0
193	127	0
194	39	1
194	143	0
194	216	0
194	69	0
194	211	0
194	126	0
195	38	1
195	154	0
195	72	0
195	19	0
195	149	0
195	170	0
195	38	1
195	69	0
195	115	0
195	196	0
195	187	0
195	223	0
196	43	1
196	160	0
196	58	0
196	207	0
196	36	0
196	69	0
197	124	1
197	207	0
197	21	0
197	23	0
197	208	0
197	83	0
197	52	1
197	78	0
197	102	0
197	39	0
197	186	0
197	18	0
197	156	1
197	109	0
197	168	0
197	150	0
197	233	0
197	147	0
198	157	1
198	96	0
198	127	0
198	204	0
198	129	0
198	34	0
199	82	1
199	204	0
199	216	0
199	165	0
199	160	0
199	226	0
200	201	1
200	8	0
200	176	0
200	13	0
200	137	0
200	134	0
201	135	1
201	100	0
201	94	0
201	152	0
201	123	0
201	52	0
201	133	1
201	210	0
201	75	0
201	61	0
201	157	0
201	80	0
202	181	1
202	233	0
202	53	0
202	238	0
202	108	0
202	103	0
203	184	1
203	128	0
203	157	0
203	159	0
203	99	0
203	163	0
203	68	1
203	223	0
203	168	0
203	169	0
203	15	0
203	193	0
203	68	1
203	33	0
203	159	0
203	198	0
203	95	0
203	35	0
203	14	1
203	108	0
203	172	0
203	88	0
203	60	0
203	39	0
204	72	1
204	175	0
204	239	0
204	9	0
204	184	0
204	172	0
204	81	1
204	128	0
204	101	0
204	194	0
204	179	0
204	181	0
205	91	1
205	48	0
205	84	0
205	24	0
205	226	0
205	195	0
205	93	1
205	108	0
205	192	0
205	87	0
205	1	0
205	44	0
205	89	1
205	117	0
205	203	0
205	84	0
205	76	0
205	108	0
205	73	1
205	9	0
205	125	0
205	12	0
205	58	0
205	82	0
205	67	1
205	39	0
205	237	0
205	134	0
205	111	0
205	25	0
205	67	1
205	119	0
205	82	0
205	189	0
205	145	0
205	192	0
205	75	1
205	74	0
205	25	0
205	95	0
205	230	0
205	130	0
205	57	1
205	32	0
205	217	0
205	55	0
205	8	0
205	203	0
205	72	1
205	25	0
205	109	0
205	113	0
205	100	0
205	181	0
205	79	1
205	131	0
205	116	0
205	78	0
205	226	0
205	17	0
205	52	1
205	175	0
205	183	0
205	70	0
205	119	0
205	187	0
205	52	1
205	112	0
205	188	0
205	150	0
205	186	0
205	142	0
205	40	1
205	45	0
205	203	0
205	184	0
205	132	0
205	122	0
205	50	1
205	116	0
205	88	0
205	118	0
205	233	0
205	94	0
205	126	1
205	134	0
205	230	0
205	66	0
205	60	0
205	185	0
205	105	1
205	61	0
205	241	0
205	21	0
205	235	0
205	190	0
205	128	1
205	0	0
205	63	0
205	234	0
205	226	0
205	81	0
205	49	1
205	201	0
205	141	0
205	170	0
205	32	0
205	113	0
205	47	1
205	136	0
205	83	0
205	230	0
205	7	0
205	69	0
205	98	1
205	9	0
205	180	0
205	95	0
205	169	0
205	44	0
205	127	1
205	180	0
205	121	0
205	229	0
205	187	0
205	188	0
205	106	1
205	202	0
205	74	0
205	60	0
205	144	0
205	181	0
205	53	1
205	60	0
205	209	0
205	28	0
205	18	0
205	185	0
205	107	1
205	237	0
205	145	0
205	46	0
205	188	0
205	142	0
205	77	1
205	60	0
205	169	0
205	44	0
205	54	0
205	74	0
205	124	1
205	239	0
205	34	0
205	235	0
205	76	0
205	239	0
205	38	1
205	4	0
205	131	0
205	6	0
205	145	0
205	15	0
205	157	1
205	113	0
205	209	0
205	188	0
205	80	0
205	202	0
205	156	1
205	101	0
205	19	0
205	2	0
205	46	0
205	186	0
205	153	1
205	229	0
205	59	0
205	42	0
205	246	0
205	187	0
205	154	1
205	63	0
205	136	0
205	34	0
205	97	0
205	62	0
205	151	1
205	60	0
205	7	0
205	136	0
205	97	0
205	37	0
205	155	1
205	68	0
205	207	0
205	31	0
205	95	0
205	25	0
205	152	1
205	175	0
205	190	0
205	100	0
205	182	0
205	200	0
205	165	1
205	190	0
205	4	0
205	235	0
205	63	0
205	118	0
205	51	1
205	11	0
205	16	0
205	26	0
205	195	0
205	148	0
205	164	1
205	82	0
205	237	0
205	2	0
205	36	0
205	200	0
205	86	1
205	180	0
205	144	0
205	231	0
205	134	0
205	29	0
205	64	1
205	5	0
205	23	0
205	181	0
205	168	0
205	203	0
205	166	1
205	100	0
205	187	0
205	196	0
205	184	0
205	83	0
205	161	1
205	132	0
205	108	0
205	46	0
205	245	0
205	217	0
205	104	1
205	13	0
205	228	0
205	170	0
205	71	0
205	184	0
205	104	1
205	136	0
205	180	0
205	29	0
205	206	0
205	6	0
205	104	1
205	202	0
205	34	0
205	242	0
205	100	0
205	227	0
205	162	1
205	74	0
205	24	0
205	66	0
205	42	0
205	150	0
205	159	1
205	129	0
205	241	0
205	9	0
205	142	0
205	199	0
205	160	1
205	58	0
205	95	0
205	20	0
205	45	0
205	87	0
205	114	1
205	17	0
205	145	0
205	35	0
205	37	0
205	62	0
205	133	1
205	207	0
205	209	0
205	115	0
205	44	0
205	62	0
205	140	1
205	3	0
205	108	0
205	84	0
205	148	0
205	207	0
205	198	1
205	141	0
205	37	0
205	163	0
205	141	0
205	54	0
205	173	1
205	234	0
205	87	0
205	46	0
205	139	0
205	121	0
205	162	1
205	112	0
205	147	0
205	1	0
205	184	0
205	117	0
205	162	1
205	183	0
205	6	0
205	31	0
205	229	0
205	225	0
205	138	1
205	125	0
205	168	0
205	113	0
205	111	0
205	120	0
205	224	1
205	194	0
205	26	0
205	1	0
205	54	0
205	63	0
205	110	1
205	101	0
205	32	0
205	85	0
205	60	0
205	130	0
205	174	1
205	158	0
205	78	0
205	118	0
205	1	0
205	59	0
205	177	1
205	172	0
205	97	0
205	117	0
205	119	0
205	182	0
205	179	1
205	231	0
205	46	0
205	195	0
205	88	0
205	21	0
205	92	1
205	149	0
205	85	0
205	8	0
205	82	0
205	137	0
205	223	1
205	188	0
205	204	0
205	231	0
205	237	0
205	111	0
205	216	1
205	150	0
205	234	0
205	74	0
205	24	0
205	191	0
205	215	1
205	116	0
205	115	0
205	190	0
205	20	0
205	81	0
205	215	1
205	168	0
205	188	0
205	246	0
205	56	0
205	217	0
205	222	1
205	197	0
205	183	0
205	17	0
205	34	0
205	241	0
205	38	1
205	228	0
205	112	0
205	65	0
205	23	0
205	175	0
205	221	1
205	31	0
205	208	0
205	76	0
205	61	0
205	68	0
205	220	1
205	68	0
205	235	0
205	74	0
205	59	0
205	194	0
205	157	1
205	230	0
205	19	0
205	225	0
205	116	0
205	147	0
205	99	1
205	135	0
205	6	0
205	69	0
205	144	0
205	3	0
205	167	1
205	187	0
205	185	0
205	31	0
205	2	0
205	185	0
205	214	1
205	97	0
205	231	0
205	9	0
205	36	0
205	158	0
205	218	1
205	8	0
205	201	0
205	115	0
205	208	0
205	149	0
205	14	1
205	19	0
205	95	0
205	23	0
205	190	0
205	172	0
205	123	1
205	239	0
205	13	0
205	74	0
205	196	0
205	43	0
205	211	1
205	141	0
205	17	0
205	39	0
205	194	0
205	4	0
205	212	1
205	175	0
205	228	0
205	28	0
205	56	0
205	227	0
205	219	1
205	225	0
205	232	0
205	44	0
205	183	0
205	46	0
205	238	1
205	241	0
205	144	0
205	207	0
205	201	0
205	24	0
205	240	1
205	39	0
205	225	0
205	187	0
205	69	0
205	32	0
205	143	1
205	234	0
205	201	0
205	17	0
205	78	0
205	134	0
205	244	1
205	85	0
205	25	0
205	63	0
205	83	0
205	204	0
205	243	1
205	203	0
205	199	0
205	213	0
205	28	0
205	122	0
206	78	1
206	103	0
206	124	0
206	113	0
206	128	0
206	243	0
207	122	1
207	158	0
207	106	0
207	197	0
207	162	0
207	23	0
208	216	1
208	58	0
208	227	0
208	206	0
208	244	0
208	137	0
209	96	1
209	153	0
209	189	0
209	115	0
209	123	0
209	83	0
210	152	1
210	203	0
210	14	0
210	220	0
210	68	0
210	220	0
211	51	1
211	114	0
211	19	0
211	199	0
211	242	0
211	164	0
212	123	1
212	235	0
212	16	0
212	70	0
212	223	0
212	191	0
213	21	1
213	246	0
213	176	0
213	178	0
213	128	0
213	81	0
214	85	1
214	97	0
214	198	0
214	162	0
214	46	0
214	215	0
214	85	1
214	39	0
214	149	0
214	103	0
214	67	0
214	229	0
215	203	1
215	65	0
215	180	0
215	224	0
215	130	0
215	15	0
216	87	1
216	197	0
216	189	0
216	215	0
216	123	0
216	149	0
216	18	1
216	221	0
216	154	0
216	229	0
216	162	0
216	223	0
217	183	1
217	27	0
217	128	0
217	147	0
217	242	0
217	196	0
218	101	1
218	174	0
218	170	0
218	72	0
218	96	0
218	100	0
219	71	1
219	191	0
219	66	0
219	170	0
219	34	0
219	89	0
219	55	1
219	202	0
219	142	0
219	231	0
219	61	0
219	60	0
220	14	1
220	10	0
220	33	0
220	35	0
220	64	0
220	8	0
221	9	1
221	171	0
221	87	0
221	195	0
221	77	0
221	242	0
222	176	1
222	127	0
222	137	0
222	199	0
222	48	0
222	234	0
222	143	1
222	117	0
222	74	0
222	62	0
222	41	0
222	219	0
223	20	1
223	240	0
223	216	0
223	151	0
223	233	0
223	7	0
223	14	1
223	57	0
223	35	0
223	31	0
223	50	0
223	244	0
224	64	1
224	48	0
224	68	0
224	182	0
224	116	0
224	58	0
224	64	1
224	115	0
224	153	0
224	225	0
224	131	0
224	218	0
225	14	1
225	239	0
225	81	0
225	84	0
225	155	0
225	164	0
226	20	1
226	112	0
226	241	0
226	126	0
226	152	0
226	98	0
227	20	1
227	22	0
227	161	0
227	24	0
227	52	0
227	49	0
228	20	1
228	168	0
228	178	0
228	121	0
228	207	0
228	212	0
228	43	1
228	138	0
228	233	0
228	239	0
228	64	0
228	44	0
229	229	1
229	111	0
229	34	0
229	171	0
229	65	0
229	92	0
230	37	1
230	126	0
230	101	0
230	224	0
230	242	0
230	14	0
231	235	1
231	10	0
231	1	0
231	17	0
231	122	0
231	71	0
232	84	1
232	126	0
232	57	0
232	240	0
232	221	0
232	183	0
232	212	1
232	202	0
232	221	0
232	82	0
232	238	0
232	4	0
232	123	1
232	63	0
232	233	0
232	9	0
232	23	0
232	139	0
233	104	1
233	155	0
233	16	0
233	142	0
233	92	0
233	136	0
234	98	1
234	65	0
234	103	0
234	138	0
234	167	0
234	138	0
235	48	1
235	87	0
235	144	0
235	148	0
235	170	0
235	125	0
235	46	1
235	69	0
235	7	0
235	218	0
235	0	0
235	236	0
235	45	1
235	91	0
235	189	0
235	23	0
235	122	0
235	70	0
236	36	1
236	27	0
236	68	0
236	228	0
236	213	0
236	38	0
237	68	1
237	211	0
237	10	0
237	62	0
237	112	0
237	183	0
238	20	1
238	82	0
238	233	0
238	196	0
238	55	0
238	231	0
239	201	1
239	28	0
239	42	0
239	72	0
239	218	0
239	143	0
239	214	1
239	35	0
239	235	0
239	54	0
239	49	0
239	33	0
240	198	1
240	200	0
240	78	0
240	15	0
240	131	0
240	203	0
240	85	1
240	175	0
240	225	0
240	17	0
240	157	0
240	32	0
240	85	1
240	72	0
240	229	0
240	29	0
240	165	0
240	104	0
240	198	1
240	177	0
240	150	0
240	140	0
240	57	0
240	74	0
240	198	1
240	72	0
240	201	0
240	135	0
240	140	0
240	45	0
241	78	1
241	146	0
241	12	0
241	135	0
241	144	0
241	195	0
241	79	1
241	73	0
241	215	0
241	76	0
241	176	0
241	3	0
242	47	1
242	52	0
242	164	0
242	168	0
242	115	0
242	165	0
242	45	1
242	126	0
242	178	0
242	12	0
242	190	0
242	240	0
242	20	1
242	169	0
242	122	0
242	35	0
242	56	0
242	43	0
243	182	1
243	185	0
243	65	0
243	121	0
243	179	0
243	89	0
243	182	1
243	226	0
243	150	0
243	71	0
243	7	0
243	234	0
243	223	1
243	168	0
243	65	0
243	118	0
243	21	0
243	33	0
244	165	1
244	122	0
244	58	0
244	45	0
244	12	0
244	76	0
244	207	1
244	154	0
244	203	0
244	69	0
244	189	0
244	14	0
244	85	1
244	10	0
244	86	0
244	233	0
244	181	0
244	214	0
244	85	1
244	189	0
244	108	0
244	137	0
244	227	0
244	152	0
244	207	1
244	115	0
244	60	0
244	54	0
244	134	0
244	106	0
245	157	1
245	65	0
245	204	0
245	71	0
245	166	0
245	166	0
246	43	1
246	223	0
246	194	0
246	163	0
246	57	0
246	134	0
246	20	1
246	101	0
246	62	0
246	100	0
246	27	0
246	126	0
247	14	1
247	237	0
247	150	0
247	37	0
247	177	0
247	198	0
248	213	1
248	244	0
248	197	0
248	223	0
248	16	0
248	207	0
249	71	1
249	72	0
249	183	0
249	12	0
249	232	0
249	30	0
249	80	1
249	223	0
249	43	0
249	120	0
249	51	0
249	46	0
249	128	1
249	51	0
249	16	0
249	219	0
249	36	0
249	164	0
249	104	1
249	176	0
249	211	0
249	130	0
249	131	0
249	177	0
249	44	1
249	87	0
249	109	0
249	155	0
249	109	0
249	158	0
249	44	1
249	223	0
249	48	0
249	22	0
249	95	0
249	124	0
249	44	1
249	162	0
249	65	0
249	64	0
249	113	0
249	131	0
249	188	1
249	177	0
249	206	0
249	50	0
249	232	0
249	34	0
249	188	1
249	222	0
249	218	0
249	64	0
249	200	0
249	39	0
249	47	1
249	19	0
249	110	0
249	1	0
249	228	0
249	48	0
249	189	1
249	170	0
249	145	0
249	194	0
249	230	0
249	171	0
249	190	1
249	169	0
249	131	0
249	202	0
249	221	0
249	216	0
249	168	1
249	52	0
249	177	0
249	148	0
249	31	0
249	9	0
249	84	1
249	22	0
249	20	0
249	39	0
249	207	0
249	112	0
249	167	1
249	236	0
249	231	0
249	219	0
249	97	0
249	108	0
249	45	1
249	102	0
249	56	0
249	219	0
249	201	0
249	207	0
250	151	1
250	174	0
250	154	0
250	74	0
250	37	0
250	212	0
251	45	1
251	92	0
251	51	0
251	75	0
251	16	0
251	11	0
251	56	1
251	16	0
251	195	0
251	110	0
251	7	0
251	203	0
251	68	1
251	188	0
251	106	0
251	134	0
251	48	0
251	4	0
251	109	1
251	133	0
251	78	0
251	150	0
251	15	0
251	114	0
251	115	1
251	183	0
251	181	0
251	126	0
251	171	0
251	149	0
251	180	1
251	160	0
251	230	0
251	28	0
251	187	0
251	204	0
251	56	1
251	118	0
251	5	0
251	134	0
251	103	0
251	237	0
251	115	1
251	233	0
251	119	0
251	123	0
251	53	0
251	22	0
251	45	1
251	179	0
251	87	0
251	31	0
251	111	0
251	187	0
252	122	1
252	127	0
252	153	0
252	103	0
252	239	0
252	62	0
252	53	1
252	179	0
252	224	0
252	245	0
252	23	0
252	125	0
252	112	1
252	24	0
252	107	0
252	51	0
252	213	0
252	163	0
252	43	1
252	232	0
252	222	0
252	189	0
252	102	0
252	214	0
252	44	1
252	17	0
252	239	0
252	220	0
252	92	0
252	232	0
252	113	1
252	38	0
252	127	0
252	224	0
252	136	0
252	215	0
253	234	1
253	70	0
253	21	0
253	224	0
253	154	0
253	211	0
254	233	1
254	57	0
254	48	0
254	148	0
254	129	0
254	152	0
255	98	1
255	219	0
255	176	0
255	60	0
255	148	0
255	111	0
255	98	1
255	239	0
255	13	0
255	210	0
255	200	0
255	133	0
255	98	1
255	65	0
255	78	0
255	135	0
255	50	0
255	46	0
256	45	1
256	226	0
256	103	0
256	101	0
256	173	0
256	115	0
257	113	1
257	99	0
257	162	0
257	242	0
257	152	0
257	151	0
257	206	1
257	180	0
257	70	0
257	135	0
257	124	0
257	153	0
258	189	1
258	213	0
258	210	0
258	34	0
258	188	0
258	204	0
259	114	1
259	109	0
259	230	0
259	28	0
259	39	0
259	196	0
260	95	1
260	47	0
260	213	0
260	10	0
260	12	0
260	141	0
260	140	1
260	157	0
260	91	0
260	2	0
260	44	0
260	107	0
260	13	1
260	88	0
260	175	0
260	233	0
260	48	0
260	73	0
261	155	1
261	113	0
261	183	0
261	166	0
261	118	0
261	190	0
261	171	1
261	31	0
261	205	0
261	116	0
261	235	0
261	91	0
261	227	1
261	215	0
261	216	0
261	69	0
261	67	0
261	131	0
262	191	1
262	93	0
262	169	0
262	91	0
262	180	0
262	209	0
262	174	1
262	73	0
262	232	0
262	184	0
262	202	0
262	225	0
262	174	1
262	208	0
262	232	0
262	177	0
262	50	0
262	139	0
262	174	1
262	139	0
262	186	0
262	64	0
262	89	0
262	169	0
262	84	1
262	92	0
262	14	0
262	56	0
262	148	0
262	55	0
263	14	1
263	156	0
263	138	0
263	201	0
263	43	0
263	189	0
264	91	1
264	176	0
264	192	0
264	159	0
264	199	0
264	18	0
264	98	1
264	148	0
264	99	0
264	238	0
264	80	0
264	213	0
264	135	1
264	31	0
264	85	0
264	121	0
264	71	0
264	4	0
264	144	1
264	195	0
264	152	0
264	123	0
264	234	0
264	130	0
264	193	1
264	143	0
264	128	0
264	235	0
264	224	0
264	114	0
264	19	1
264	103	0
264	222	0
264	109	0
264	184	0
264	32	0
264	78	1
264	157	0
264	10	0
264	76	0
264	212	0
264	206	0
264	127	1
264	162	0
264	106	0
264	43	0
264	169	0
264	46	0
264	53	1
264	187	0
264	101	0
264	176	0
264	48	0
264	156	0
264	77	1
264	90	0
264	11	0
264	51	0
264	87	0
264	12	0
264	98	1
264	233	0
264	204	0
264	158	0
264	40	0
264	243	0
264	98	1
264	206	0
264	165	0
264	195	0
264	156	0
264	232	0
264	47	1
264	39	0
264	25	0
264	161	0
264	178	0
264	104	0
264	65	1
264	166	0
264	166	0
264	158	0
264	180	0
264	51	0
265	217	1
265	195	0
265	30	0
265	112	0
265	82	0
265	187	0
266	195	1
266	47	0
266	240	0
266	161	0
266	210	0
266	109	0
267	153	1
267	167	0
267	207	0
267	58	0
267	220	0
267	137	0
267	153	1
267	139	0
267	97	0
267	191	0
267	8	0
267	87	0
268	48	1
268	116	0
268	194	0
268	100	0
268	7	0
268	135	0
269	111	1
269	39	0
269	241	0
269	125	0
269	188	0
269	195	0
270	161	1
270	221	0
270	47	0
270	211	0
270	192	0
270	158	0
270	121	1
270	71	0
270	48	0
270	140	0
270	100	0
270	66	0
271	219	1
271	126	0
271	84	0
271	194	0
271	74	0
271	167	0
271	219	1
271	17	0
271	199	0
271	230	0
271	59	0
271	215	0
271	116	1
271	42	0
271	14	0
271	112	0
271	82	0
271	48	0
271	157	1
271	125	0
271	10	0
271	52	0
271	106	0
271	128	0
272	86	1
272	68	0
272	10	0
272	53	0
272	133	0
272	213	0
272	86	1
272	19	0
272	20	0
272	15	0
272	197	0
272	96	0
272	86	1
272	133	0
272	217	0
272	15	0
272	197	0
272	7	0
272	86	1
272	139	0
272	59	0
272	112	0
272	239	0
272	9	0
273	14	1
273	110	0
273	191	0
273	209	0
273	126	0
273	23	0
274	94	1
274	84	0
274	91	0
274	133	0
274	4	0
274	244	0
274	99	1
274	1	0
274	129	0
274	223	0
274	116	0
274	232	0
275	167	1
275	36	0
275	243	0
275	29	0
275	85	0
275	151	0
276	166	1
276	94	0
276	32	0
276	244	0
276	31	0
276	182	0
277	220	1
277	12	0
277	142	0
277	217	0
277	176	0
277	97	0
278	208	1
278	117	0
278	192	0
278	135	0
278	129	0
278	245	0
279	150	1
279	223	0
279	46	0
279	76	0
279	76	0
279	224	0
280	147	1
280	157	0
280	172	0
280	209	0
280	199	0
280	23	0
281	133	1
281	10	0
281	202	0
281	207	0
281	34	0
281	12	0
282	80	1
282	215	0
282	205	0
282	30	0
282	32	0
282	92	0
282	138	1
282	147	0
282	154	0
282	213	0
282	236	0
282	181	0
282	170	1
282	53	0
282	35	0
282	243	0
282	235	0
282	29	0
282	80	1
282	220	0
282	216	0
282	177	0
282	246	0
282	205	0
282	44	1
282	135	0
282	68	0
282	55	0
282	72	0
282	121	0
282	52	1
282	137	0
282	76	0
282	23	0
282	186	0
282	106	0
282	184	1
282	148	0
282	100	0
282	109	0
282	199	0
282	78	0
282	134	1
282	112	0
282	178	0
282	168	0
282	130	0
282	177	0
282	44	1
282	83	0
282	225	0
282	37	0
282	236	0
282	241	0
282	198	1
282	192	0
282	139	0
282	43	0
282	206	0
282	149	0
282	138	1
282	222	0
282	129	0
282	111	0
282	29	0
282	118	0
282	44	1
282	111	0
282	70	0
282	183	0
282	236	0
282	103	0
282	142	1
282	64	0
282	99	0
282	177	0
282	73	0
282	99	0
282	140	1
282	233	0
282	99	0
282	4	0
282	119	0
282	206	0
283	154	1
283	47	0
283	119	0
283	44	0
283	111	0
283	141	0
284	179	1
284	19	0
284	93	0
284	119	0
284	162	0
284	30	0
284	239	1
284	183	0
284	2	0
284	103	0
284	22	0
284	12	0
284	194	1
284	75	0
284	177	0
284	72	0
284	2	0
284	118	0
284	44	1
284	96	0
284	226	0
284	107	0
284	121	0
284	134	0
284	104	1
284	51	0
284	118	0
284	214	0
284	105	0
284	183	0
284	104	1
284	31	0
284	9	0
284	68	0
284	7	0
284	150	0
284	171	1
284	237	0
284	61	0
284	23	0
284	228	0
284	139	0
284	239	1
284	69	0
284	88	0
284	158	0
284	28	0
284	190	0
285	11	1
285	132	0
285	3	0
285	232	0
285	87	0
285	2	0
286	123	1
286	203	0
286	1	0
286	178	0
286	193	0
286	33	0
